296691
296692
296693
296694
296695
296696
296697
296698
296699
296700
296701
296702
296703
296769
296770
296771
296772
296773
296774
296775
296776
296777
296778
296779
296780
296781
296808
296809
296810
296811
296812
296813
296814
296815
296816
296817
296818
296819
296820
296886
296887
296888
296889
296890
296891
296892
296893
296894
296895
296896
296897
296898
296704
296705
296706
296707
296708
296709
296710
296711
296712
296713
296714
296715
296716
296782
296783
296784
296785
296786
296787
296788
296789
296790
296791
296792
296793
296794
296821
296822
296823
296824
296825
296826
296827
296828
296829
296830
296831
296832
296833
296899
296900
296901
296902
296903
296904
296905
296906
296907
296908
296909
296910
296911
296717
296718
296719
296720
296721
296722
296723
296724
296725
296726
296727
296728
296729
296795
296796
296797
296798
296799
296800
296801
296802
296803
296804
296805
296806
296807
296834
296835
296836
296837
296838
296839
296840
296841
296842
296843
296844
296845
296846
296912
296913
296914
296915
296916
296917
296918
296919
296920
296921
296922
296923
296924
814034
814035
814036
814037
814038
814039
814040
814041
814042
814043
814044
814045
814046
814112
814113
814114
814115
814116
814117
814118
814119
814120
814121
814122
814123
814124
814190
814191
814192
814193
814194
814195
814196
814197
814198
814199
814200
814201
814202
814268
814269
814270
814271
814272
814273
814274
814275
814276
814277
814278
814279
814280
814008
814009
814010
814011
814012
814013
814014
814015
814016
814017
814018
814019
814020
814086
814087
814088
814089
814090
814091
814092
814093
814094
814095
814096
814097
814098
814164
814165
814166
814167
814168
814169
814170
814171
814172
814173
814174
814175
814176
814242
814243
814244
814245
814246
814247
814248
814249
814250
814251
814252
814253
814254
814021
814022
814023
814024
814025
814026
814027
814028
814029
814030
814031
814032
814033
814099
814100
814101
814102
814103
814104
814105
814106
814107
814108
814109
814110
814111
814177
814178
814179
814180
814181
814182
814183
814184
814185
814186
814187
814188
814189
814255
814256
814257
814258
814259
814260
814261
814262
814263
814264
814265
814266
814267
813774
813775
813776
813777
813778
813779
813780
813781
813782
813783
813784
813785
813786
813813
813814
813815
813816
813817
813818
813819
813820
813821
813822
813823
813824
813825
813852
813853
813854
813855
813856
813857
813858
813859
813860
813861
813862
813863
813864
813891
813892
813893
813894
813895
813896
813897
813898
813899
813900
813901
813902
813903
813787
813788
813789
813790
813791
813792
813793
813794
813795
813796
813797
813798
813799
813826
813827
813828
813829
813830
813831
813832
813833
813834
813835
813836
813837
813838
813865
813866
813867
813868
813869
813870
813871
813872
813873
813874
813875
813876
813877
813904
813905
813906
813907
813908
813909
813910
813911
813912
813913
813914
813915
813916
813800
813801
813802
813803
813804
813805
813806
813807
813808
813809
813810
813811
813812
813839
813840
813841
813842
813843
813844
813845
813846
813847
813848
813849
813850
813851
813878
813879
813880
813881
813882
813883
813884
813885
813886
813887
813888
813889
813890
813917
813918
813919
813920
813921
813922
813923
813924
813925
813926
813927
813928
813929
814991
814988
814989
814985
814986
814987
814990
816121
816123
816125
816127
816129
816131
816133
816135
816137
816139
816141
816143
816145
816147
816149
816151
816122
816124
816126
816128
816130
816132
816134
816136
816138
816140
816142
816144
816146
816148
816150
816152
816991
816990
816989
816988
816986
816987
816985
179599
179603
179606
179608
179611
179600
179601
179602
179604
179605
179607
179609
179610
179612
179641
179645
179648
179650
179653
179642
179643
179644
179646
179647
179649
179651
179652
179654
179683
179687
179690
179692
179695
179684
179685
179686
179688
179689
179691
179693
179694
179696
179725
179729
179732
179734
179737
179726
179727
179728
179730
179731
179733
179735
179736
179738
179613
179617
179620
179622
179625
179614
179615
179616
179618
179619
179621
179623
179624
179626
179655
179659
179662
179664
179667
179656
179657
179658
179660
179661
179663
179665
179666
179668
179697
179701
179704
179706
179709
179698
179699
179700
179702
179703
179705
179707
179708
179710
179739
179743
179746
179748
179751
179740
179741
179742
179744
179745
179747
179749
179750
179752
179627
179631
179634
179636
179639
179628
179713
179630
179632
179633
179635
179637
179638
179640
179669
179673
179676
179678
179681
179670
179671
179672
179674
179675
179677
179679
179680
179682
179711
179715
179718
179720
179723
179712
179714
179716
179717
179719
179721
179722
179724
179753
179757
179760
179762
179765
179754
179755
179756
179758
179759
179761
179763
179764
179766
179767
179771
179774
179776
179779
179768
179769
179770
179772
179773
179775
179777
179778
179780
179809
179813
179816
179818
179821
179810
179811
179812
179814
179815
179817
179819
179820
179822
179851
179855
179858
179860
179863
179852
179853
179854
179856
179857
179859
179861
179862
179864
179893
179897
179900
179902
179905
179894
179895
179896
179898
179899
179901
179903
179904
179906
179781
179785
179788
179790
179793
179782
179783
179784
179786
179787
179789
179791
179792
179794
179823
179827
179830
179832
179835
179824
179825
179826
179828
179829
179831
179833
179834
179836
179865
179869
179872
179874
179877
179866
179867
179868
179870
179871
179873
179875
179876
179878
179907
179911
179914
179916
179919
179908
179909
179910
179912
179913
179915
179917
179918
179920
179795
179799
179802
179804
179807
179796
179797
179798
179800
179801
179803
179805
179806
179808
179837
179841
179844
179846
179849
179838
179839
179840
179842
179843
179845
179847
179848
179850
179879
179883
179886
179888
179891
179880
179881
179882
179884
179885
179887
179889
179890
179892
179921
179925
179928
179930
179933
179922
179923
179924
179926
179927
179929
179931
179932
179934
182699
182700
182701
182702
182703
182704
182705
182706
182707
182708
182709
182710
182711
182712
182713
182714
182715
182716
182717
182718
182719
182720
182721
182722
182723
182724
182725
182726
182727
182728
182729
182730
182731
182732
182733
182734
182735
182736
182737
182738
182739
182740
184994
184974
184986
184996
352360
352361
352362
352363
352364
352365
352366
352367
352369
352368
352370
352372
352371
352373
352378
352377
352375
352376
352379
352380
352381
352383
352382
352385
352384
352386
352388
352387
352389
352390
352391
352392
352393
352394
352396
352395
352397
352398
352399
352401
352402
352400
352403
352404
352405
352406
352407
352408
352411
352410
352409
811012
811008
811013
811009
811014
811010
811015
811011
811004
811000
811005
811001
811006
811002
811007
811003
105522
105523
105524
105525
105526
105527
105528
105529
105530
105531
105532
105533
105534
105535
105536
105537
105538
105539
105540
105541
105542
105543
105544
105545
105546
105547
105548
105549
105550
105551
105552
105553
105554
105555
105556
105557
982263
819975
982533
982264
819976
982534
982265
819977
982535
982266
819978
982536
982267
819979
982537
982268
819980
982538
982269
819981
982539
982270
819982
982540
982271
819983
982541
982443
982444
982445
982446
982447
982448
982449
982450
982451
982163
982155
982156
982157
982158
982159
982160
982161
982162
982713
982714
982715
982716
982717
982718
982719
982720
982721
982290
982291
982292
982293
982294
982295
982296
982297
982298
982002
982003
982004
982005
982006
982007
982008
982009
982010
982560
982561
982562
982563
982564
982565
982566
982567
982568
982470
982471
982472
982473
982474
982475
982476
982477
982478
982182
982183
982184
982185
982186
982187
982188
982189
982190
982740
982741
982742
982743
982744
982745
982746
982747
982748
982299
982300
982301
982302
982303
982304
982305
982306
982307
982011
982012
982013
982014
982015
982016
982017
982018
982019
982569
982570
982571
982572
982573
982574
982575
982576
982577
982479
982480
982481
982482
982483
982484
982485
982486
982487
982191
982192
982193
982194
982195
982196
982197
982198
982199
982749
982750
982751
982752
982753
982754
982755
982756
982757
820474
820476
820478
820480
820584
820586
820588
820498
820500
820502
820504
820602
820604
820606
820506
820508
820510
820512
820608
820610
820612
203096
203097
203099
203100
203101
203102
203103
203104
203105
203107
203108
203109
203110
203111
203004
203005
203007
203008
203009
203054
203055
203016
203017
203019
203020
203021
197947
205088
205008
205089
205009
205091
205011
205092
205012
205093
205013
205094
205014
205095
205015
198010
198011
197974
197975
197978
197979
197986
197987
197990
197991
197998
197999
198006
198007
198398
198401
198018
198019
198022
198023
198030
198031
198034
198035
198042
198043
198050
198051
198107
198110
198111
198118
198119
198122
198123
198130
198131
198138
198139
198416
198419
205061
205029
205062
205030
205063
205031
197988
197996
198004
198396
198399
198032
198040
198048
198120
198128
198136
198414
198417
203133
203134
203135
203141
203142
203143
205077
205045
205078
205046
205079
205047
197989
197997
198005
198397
198400
198033
198041
198049
198121
198129
198137
198415
198418
689015
689016
689017
689018
689019
252636
252637
689010
689011
689012
689013
689014
252632
252633
689000
689001
689002
689003
689004
252634
252635
689005
689006
689007
689008
689009
252638
252639
280711
280712
280713
280714
280715
280716
280717
280718
280719
280720
280721
280722
280723
280724
280783
280784
280785
280786
280787
280788
280789
280790
280791
280792
280925
280926
280927
280928
280929
280930
280931
280932
280933
280934
200823
200824
200825
200826
200359
200302
200307
200312
200316
200320
200325
200377
200378
200217
200226
200387
200388
200218
200219
200220
200229
200230
200231
200420
200421
200422
200429
200430
200431
200426
200427
200428
200423
200424
200425
200998
193166
193167
193168
193169
193170
193171
193172
193173
193174
193175
193176
193177
193178
193179
193180
193181
193182
193183
193184
193185
193186
193187
193188
193189
193190
193191
193192
193193
398037
398038
398109
398036
398032
398040
398041
398110
398039
398033
398043
398044
398111
398042
398034
398046
398047
398112
398045
398035
643000
643001
643002
643003
594108
594113
594118
594123
594128
594106
594111
594133
594138
594158
584052
584057
584041
584044
584105
584074
584054
584075
584047
256054
256052
256053
256085
256087
256089
256091
256081
256083
256099
256093
256095
256101
256051
256097
256086
256088
256090
256092
256082
256084
256098
256094
256096
256100
257398
257400
257401
257403
257404
257406
257407
257409
257410
257412
257413
257415
257416
257418
257419
257421
257422
257424
257425
257427
257428
257430
257431
257433
257434
257436
257437
257439
257440
257442
257443
257445
257446
257448
257449
257451
257452
257454
257455
257457
257458
257460
257461
257463
257464
257466
257467
257469
257470
257472
257473
257475
257476
257478
257479
257481
257482
257484
257485
257487
257488
257490
257491
257493
257494
257496
257497
257499
257500
257502
257503
257505
257506
257508
257509
257511
257512
257514
257515
257517
257518
257520
257521
257523
257524
657077
657079
657011
657013
657051
657053
657060
657062
657054
657056
657063
657065
657057
657059
657066
257525
775001
252410
252406
252442
252438
252458
252454
252490
252486
308595
308611
308592
308601
308619
308602
252541
252498
252494
252530
368972
368974
368976
368970
252542
252546
252574
252578
252526
915009
915010
111233
915011
111473
915012
915013
111235
111234
111229
218012
915008
111230
279985
915014
915015
915017
915016
915018
111628
111603
111246
111248
915020
915021
111249
111250
269597
111252
111238
111240
336596
162175
162172
162173
111616
915024
915026
101322
101789
102006
101329
101790
101331
101267
101090
101076
101092
101078
101094
101080
101096
101082
101098
101084
101100
101086
101252
101126
101333
101047
101335
101104
101102
101088
101230
101146
101223
101940
102075
101325
102080
101222
101912
101293
102081
101249
102003
102077
101292
102217
101919
101208
101929
101320
102082
101212
885478
101911
102083
101328
101931
102084
101226
101932
101321
937299
102088
101970
101910
101332
102833
102840
102851
102685
102894
264743
264741
264742
102790
102789
205882
205883
205884
205885
205886
205887
205888
205889
205890
205891
205892
205893
205894
205895
205896
205897
844299
844300
844301
844302
131360
131361
131362
131363
844285
844286
844287
844288
844289
844290
844283
844284
844326
131364
844322
844323
131365
131366
131367
131368
131369
844329
844330
844331
844332
844333
131371
844363
131372
131373
844355
844356
844357
844358
844374
131374
131375
844368
844369
844370
844382
131376
844378
844379
844280
131377
844277
844276
844317
844318
131378
844311
844312
844313
264746
264747
264748
264754
264755
845725
845726
845729
845730
845705
845706
845707
845708
201717
201719
201718
201720
946946
946951
946949
946944
946943
946941
946938
946935
946932
946929
146145
946994
946996
946995
946955
946976
946953
946974
946954
946975
946972
946973
946969
946964
946966
946965
946979
946981
946980
946986
946988
946987
946962
946961
946963
203834
203835
152863
152862
152865
152864
946967
946968
946977
946978
946984
946985
946959
946960
201842
946947
946950
203836
946939
946937
946934
946931
946928
146146
201843
946945
946948
146364
946940
946936
946933
946930
946896
946886
331269
946891
946887
946894
946892
946921
946922
946905
946904
946903
946906
331267
946925
946912
946911
946908
946907
946916
946915
946914
946913
404949
844968
844969
900402
844971
844970
844974
844975
844972
844973
844977
844976
844996
844995
844994
844993
271531
271532
271533
271534
271535
271536
271537
271538
271539
271540
271581
271582
271583
271584
271585
271586
271587
271588
271589
271590
271621
271622
271623
271624
271625
271626
271627
271628
271629
271630
271661
271662
271663
271664
271665
271666
271667
271668
271669
271670
271681
271682
271683
271684
271685
271686
271687
271688
271689
271690
271141
271142
271143
271144
271145
271146
271171
271172
271173
271174
271175
271176
271195
271196
271198
271200
271219
271220
271222
271223
271224
271183
271184
271186
271188
268935
268936
268937
268938
268947
268948
268949
268950
268959
268960
268961
268962
268971
268972
268974
268967
268968
268970
269217
269218
269220
269233
269234
269235
269236
269237
269251
269252
269263
269264
269265
269266
269267
269276
269277
269278
269279
269280
269282
269281
269292
272914
272915
272916
272917
272927
272928
272929
272939
272940
272941
272947
272949
272959
272961
263071
263072
263073
263083
263084
263085
263091
263092
263093
263103
263104
263105
271321
271322
271323
271324
271325
271331
271332
271333
271334
271335
271341
271342
271343
271344
271345
271351
271352
271353
271354
271355
271346
271347
271348
271349
271350
271356
271357
271358
271359
271360
269398
269399
269402
269403
269406
269407
269410
269411
269408
269409
269412
269413
269418
269419
269420
269424
269425
269426
269430
269431
269432
269436
269437
269438
269433
269434
269435
269439
269440
269441
273029
273030
273033
273034
273037
273038
273041
273042
273039
273040
273043
273044
263115
263116
263117
263194
263198
263195
263199
263196
263200
263197
263201
263210
263214
263211
263215
263212
263216
263213
263217
263107
263108
263109
263123
263124
263125
263261
263111
263112
263113
263119
263120
263121
271381
271382
271383
271384
271385
271395
269452
269453
269474
269475
269476
269482
273053
273054
273058
263131
263291
263132
263292
263133
263293
263139
263323
263140
263324
263141
263325
275595
275596
275597
275599
275600
275601
275602
275603
275605
275606
275607
275609
275610
275611
275612
275613
271801
271802
271803
271804
271805
271806
271807
271808
271809
271810
274856
274857
274862
274863
271304
271306
271307
271308
269316
269319
269336
269337
269338
269339
269384
269385
269386
269387
273018
273020
263167
263169
271885
271886
273114
273115
269595
269596
273111
273112
263181
263185
271882
271883
271502
271503
269593
269594
273109
273110
263173
263177
271841
271842
271843
271844
271845
271846
271847
271848
271849
271850
271851
271852
271853
271854
271855
271856
271857
271858
271859
271860
271427
271428
271430
271431
271432
271433
271434
271436
271437
271438
269502
269503
269504
269505
269506
269507
269508
269509
269526
269527
269531
269532
273073
273074
273075
273076
273077
273078
273079
273080
367764
367765
367766
367768
367769
367767
367770
367762
367763
367772
367775
367777
367776
367774
367778
367779
367771
367773
367780
367781
367784
367783
367782
367785
367786
367787
367789
367788
367790
367791
367792
367793
270674
270672
270652
270654
270678
270676
270656
270658
270683
270680
270660
270663
270689
270686
270666
270669
269676
269677
269678
269694
269696
269698
269700
269704
269708
269710
304854
263407
263409
269714
269718
269719
269720
269722
265343
269666
269670
269668
269669
269674
269672
269724
269725
269726
269762
269764
269763
269766
269765
269768
269767
269770
269769
323595
269727
269728
269729
269730
269731
269732
269733
263412
265338
265339
265340
265335
265336
265337
265345
269686
269688
269690
269692
269687
269689
269771
269772
269773
269774
263413
269679
269681
269682
269683
269685
269635
269639
269643
269647
396284
269599
269601
269600
269604
269606
269610
269612
263380
269736
269734
269740
269738
269744
269742
269737
269735
269741
269739
269745
269743
269615
269621
269628
269629
263388
269656
269660
269658
269664
269662
269671
269675
269758
269760
269761
293272
269748
269752
269746
269750
269756
269754
269749
269753
269747
269751
269757
269755
269650
269652
269654
269655
263406
126676
126677
126678
126679
126680
126681
126682
126683
126692
126693
126694
126695
126696
126697
126698
126699
126505
126506
126507
126508
126509
126510
126511
126382
126535
126536
126537
126538
126539
126540
126541
126383
126582
126583
126584
126585
126586
126587
126307
126601
126602
126603
126604
126605
126606
126129
126640
126641
126642
126643
126644
126657
126658
126659
126660
126661
126721
126722
126723
126732
126733
126734
126741
126742
126743
126639
126636
126637
132961
132942
132940
132944
132960
132322
132388
132384
132383
132381
132380
132391
132379
132377
132376
132374
132373
132372
132371
132393
132392
132387
132386
132389
132479
132477
132457
132455
132459
132463
132461
132465
132370
132369
132368
132367
132365
132363
132361
132437
132438
132434
132435
132431
132432
132428
132429
132425
132426
132422
132423
132419
132420
132416
132417
132413
132414
132410
132411
132407
132408
132404
132405
132401
132452
132451
132450
132449
132447
132448
132446
132445
132444
132443
132399
132398
132358
132357
132356
132355
132354
132855
132353
132352
132858
132394
132385
132382
132390
132378
132375
256763
256762
256761
256760
256759
256758
256757
256779
256778
256781
256780
256791
256790
256800
256798
256797
256796
256813
256812
256811
256825
256824
256823
256834
256833
256832
304537
304538
836584
836572
836666
836588
836576
836685
836600
836590
836667
836669
836660
836592
836580
836608
836612
836616
836689
836690
836606
836672
836663
836696
836697
836704
836705
836712
836713
925471
925475
925483
925487
925499
836720
836904
836905
836851
836857
925727
925731
925739
925743
925755
836852
836858
836853
836859
836780
836779
925915
925919
925927
925931
925943
836788
836787
836796
836795
938041
938053
938057
836800
836816
836817
836824
836825
925409
836511
836512
836515
836516
925252
836519
836520
836523
836524
836542
836541
836543
836545
836548
836547
836560
836559
836563
836562
236710
254405
247341
247440
247079
247226
247479
247473
247571
247577
247512
247496
247506
247539
221039
221042
221021
221033
221048
220806
220788
220800
220816
221364
221367
221347
221358
221373
221134
221116
221128
221143
221551
221554
221533
221545
221560
221456
221441
221450
221465
221871
221874
221853
221865
221880
221640
221625
221634
221649
222057
222060
222040
222051
222066
221963
221948
221957
221972
222278
222260
222272
222287
222499
222481
222493
222508
222720
222702
222714
222729
222941
222923
222935
222950
223162
223144
223156
223171
220894
221220
221726
222143
222364
222585
222806
223027
220900
221226
221732
222149
222370
222591
222812
223033
220983
221309
221815
222227
222448
222669
222890
222896
220989
221315
221821
222233
222454
222675
223111
223117
221112
221113
221110
221111
220881
220882
220879
220880
221437
221438
221435
221436
221207
221208
221205
221206
221621
221622
221619
221620
221529
221530
221527
221528
221944
221945
221942
221943
221713
221714
221711
221712
222130
222131
222128
222129
222036
222037
222034
222035
222351
222352
222349
222350
222572
222573
222570
222571
222793
222794
222791
222792
223014
223015
223012
223013
223235
223236
223233
223234
261002
261006
261004
261003
261009
261008
261005
261007
234643
234645
234651
234579
234569
234629
234631
234473
234622
234364
234367
234625
234377
956961
956993
956996
956988
956871
956999
956692
956797
956776
257022
257020
257024
257025
257023
257019
257021
257026
223238
228521
228520
228522
228523
228525
228524
258018
258019
258020
258021
258022
258023
218846
218849
218852
263761
250960
781936
237995
237997
237999
256717
777989
777988
956909
956907
956903
956901
956919
925191
925190
925189
925188
925187
925186
925185
925184
938251
938252
938253
938254
938255
938256
938257
938258
938259
956967
956877
956698
956782
938996
938997
938998
938999
275702
275703
275704
275705
275706
275707
275708
275709
275710
275711
275712
275713
275714
275715
275716
275696
275697
275698
275699
275700
275701
837092
837093
837094
837095
837096
837097
837099
837100
837101
837102
837103
837104
837106
837107
837108
837109
837110
837111
837112
837113
837114
837115
837116
837117
837118
837119
837120
837121
837122
837123
837124
837125
837126
837127
837128
837129
837130
837131
837132
837133
837134
837999
837998
837997
837996
285285
285188
285131
285196
285205
285202
285197
285207
285215
285134
285448
285449
285135
285227
286143
286147
286150
285986
285975
285976
289995
285974
285965
285964
285963
651134
651132
651133
651135
651138
651145
651142
651143
651144
651147
651149
651150
651151
651155
651158
651159
651160
651161
289998
285977
285979
285981
284003
697027
697034
258326
258329
258438
258435
258441
258344
257899
258459
258456
258462
258480
258477
258483
258091
257917
258347
258695
258309
258704
258312
258274
258282
258298
258550
258571
258606
258613
300082
300084
300133
300076
300106
300108
300117
300118
294320
294321
294322
294323
294324
294325
294326
294358
294359
294360
294361
294362
294363
294364
294671
294673
294675
294383
294400
294407
294685
294998
294533
294535
294538
294544
294547
294564
294571
294579
294580
309015
309008
310024
309007
311015
311016
311018
311019
311022
311023
311026
311027
520248
520250
520252
520254
520257
520258
520259
520261
520268
520269
520491
520492
520493
520494
520495
520155
520441
520487
520488
520515
520516
520517
521335
521336
521337
521338
521339
521340
521341
521344
521345
521347
521348
521349
521257
521259
521228
521230
521219
521220
521221
521222
521223
521225
521227
521229
521232
521234
521236
521190
521181
521186
521187
521188
521189
521208
521210
521211
521213
521215
521216
521218
521205
521206
521197
521200
521202
521541
521542
521543
521260
521366
521367
521368
521369
521370
521371
495072
495073
495074
495075
495076
495077
495078
495079
495080
495081
495082
495083
495084
495085
146475
495086
495087
495088
495089
495176
495177
495178
495179
495180
495181
495182
495183
495184
495185
495186
495187
495188
495189
139373
279720
279721
279722
279723
279724
279725
495956
495962
495959
495965
495948
495968
495951
495996
495942
495972
495908
495907
495906
495974
495977
495980
302963
302964
495945
496398
496435
496402
496439
496399
496436
496404
496441
496403
496440
496405
496442
496406
496443
496407
496444
496400
496437
496401
496438
496331
496358
496332
496359
496334
496361
281180
281181
281184
281185
281186
281187
789004
789005
789006
789007
425058
425059
425060
425061
425062
425063
425064
425065
425067
425068
425192
425082
425137
425052
425138
425053
425037
425040
425042
425074
425075
425076
425077
425078
425079
425080
425081
425069
425070
425071
425072
425073
425054
425056
425055
425057
443011
443012
443013
443014
443015
443016
443017
443018
443010
437072
437070
437071
437073
437069
437075
437074
437047
437041
441025
441026
441027
441028
439025
439021
439022
507003
507002
263782
263784
263781
243729
243744
243768
243783
243846
243861
243885
243900
243963
243978
244002
244017
244083
244098
244164
244179
244390
244392
244401
244403
244411
244413
799032
799033
799034
799035
799036
799037
799038
799039
799040
799041
799042
799043
799044
799045
799023
799024
799025
799026
799027
799028
799029
799030
799031
516349
516351
516353
516355
516358
516361
516362
516305
516304
516334
516364
516366
516370
516371
516373
516376
516377
516319
516320
516332
516329
573787
574842
574843
574844
574845
574841
573763
573764
575478
575479
575480
575481
575482
575483
575484
575485
575486
575487
575488
574003
574114
573831
574268
574267
574266
574751
573809
573798
574846
573838
575495
574862
573835
574863
573829
574847
573981
574849
575189
574850
574852
574856
574857
574858
575202
573827
573836
573770
574853
574854
574855
573767
573769
574697
575500
574814
574816
573774
574817
574818
574815
573779
574735
574736
574737
574738
574739
573844
573839
574820
574831
574833
574745
573917
574821
574822
573781
573801
573775
574824
574825
574826
574828
574829
574830
573841
573842
574235
574315
574319
574184
574861
573832
573823
575496
576728
576726
576794
253748
576784
576786
576986
576985
576983
576984
576995
576957
576960
576958
576959
576988
576968
576972
576969
576970
576971
576989
576993
576990
576991
576992
576977
576994
576978
576979
576980
576950
576954
576951
576952
576953
576961
576965
576739
576963
576964
574887
574885
574886
574869
574870
574871
574696
574883
574879
574878
574568
573810
574872
574873
575551
574903
573811
574874
574875
578646
578647
667232
667231
667333
578645
667112
667113
667114
667292
667291
667109
667110
578662
667251
667247
667321
578663
667127
667123
667124
667125
667126
667310
667309
667332
667331
667312
667313
578935
667262
667261
667264
667265
578664
667282
667281
667284
667285
667210
667129
578991
667107
667108
578641
578642
667178
667175
667169
578661
578129
667137
578131
578776
578766
578767
578768
578769
578130
667180
667185
578669
578670
578679
578680
578681
667148
667149
667150
667151
667152
667161
667162
667163
667164
667160
578714
578715
578811
578812
578810
578720
578723
578875
578878
578872
667239
667233
667240
667174
667173
667132
667133
667143
667156
667228
667229
667192
667204
667197
667209
669999
669998
578985
578986
587066
587068
587073
587070
587060
587071
587064
587061
587065
587075
587069
587067
587062
587076
587077
587074
586017
586018
586019
586030
586031
586032
592861
592863
592864
592862
592865
593073
593075
592843
593076
593074
593077
592940
593154
592936
592937
592938
592939
592715
592711
592712
592714
592713
593085
593152
593150
593072
593012
593071
593338
593429
593431
593428
593342
593430
592787
592789
592788
828017
828020
828021
593955
828019
828027
828018
828065
828068
828069
828067
268660
828066
828112
828115
828116
828114
828117
828113
828163
828166
828167
828165
828168
828164
146696
146692
146693
146695
146694
593390
593380
593381
593391
593394
593399
593401
593466
593471
593473
593474
593483
593484
266986
266989
266981
266983
266985
266984
309519
267108
266996
267107
267106
266999
266998
309520
267122
267119
267120
309522
309521
267126
267128
267133
267132
267135
267136
267131
267142
267146
267154
267160
267161
324129
324133
324132
324122
324123
324126
324116
324118
324117
324119
324121
324120
324110
324111
324115
324114
324149
324157
324167
324146
324147
324151
324150
324140
324165
324141
324145
324144
324159
324176
324175
324174
324161
324148
324142
324136
324130
324138
324163
324143
324137
324131
324125
324113
324127
324170
324168
324169
324166
324164
324162
324160
324158
324156
324155
324154
324112
324124
324134
324135
324139
324128
324203
324221
324222
324220
324204
324219
324200
324199
324195
324194
324152
324224
324223
393526
393527
393528
393529
393261
393262
393263
393264
393265
393266
393267
393268
393269
393270
393271
393272
393273
393538
393533
393534
393535
393358
393359
393360
393361
393362
393363
393364
393365
393366
393367
393368
393369
393370
393475
393468
393470
393472
393274
393275
393276
393277
393278
393279
393280
393281
393282
393283
393284
393285
393286
393287
393288
393289
393290
393291
393292
393293
393294
393295
393260
393297
393296
393298
393545
393351
393371
393372
393373
393374
393375
393376
393377
393378
393379
393380
393381
393382
393557
393388
393389
393390
393391
393392
393393
393394
393395
393396
393397
393398
393399
393413
393352
393383
393353
393414
393354
393355
393356
393415
393357
393385
393386
393387
393563
393401
393402
393403
393404
393405
393406
393407
393408
393410
393411
393412
393400
393978
393982
393986
393980
393981
420089
420091
420092
420093
420094
420142
420078
420143
420082
403039
403040
403036
403021
403037
403022
403023
403024
403025
403017
403018
403016
403019
403020
407004
407009
407005
407010
407006
407011
407007
639160
639161
639013
639029
639041
639051
639055
639015
639021
639025
639033
639043
639047
639049
639053
639057
639059
639017
639019
639023
639027
639031
639035
639037
639039
639045
218620
218621
639012
639028
639040
639050
639054
639014
639020
639024
639032
639042
639046
639048
639052
639056
639058
639016
639018
639022
639026
639030
639034
639036
639038
639044
702993
210443
210444
210448
210445
210446
210447
210449
210450
210451
210452
210453
210454
210455
210456
210460
210461
210462
210463
210464
210469
210470
210473
210474
210484
210486
210487
210488
210489
210490
210491
210492
210493
210494
210457
210458
210459
210465
210466
210467
210468
210471
210472
210475
210476
210477
210478
210479
210480
210481
210482
210483
210485
210495
210496
201990
201991
201992
201993
202564
202565
202566
202567
201994
201995
201996
201997
201998
201999
202563
489019
489020
489021
489022
489023
489024
489025
489026
489027
489028
489029
489030
489031
489032
489033
489034
489035
489036
489037
489104
489996